0 0 1 1 1 0 0
0 1 0 0 0 1 0
0 1 0 0 0 1 0		0 : 0x00,0x7E,0x81,0x81,0x81,0x7E,0x00
0 1 0 0 0 1 0		
0 1 0 0 0 1 0
0 1 0 0 0 1 0
0 1 0 0 0 1 0
0 0 1 1 1 0 0

0 0 0 1 0 0 0
0 0 1 1 0 0 0
0 1 1 1 0 0 0
0 0 0 1 0 0 0		1 : 0x00,0x84,0x86,0xFF,0x80,0x80,0x00
0 0 0 1 0 0 0
0 0 0 1 0 0 0
0 0 0 1 0 0 0
0 1 1 1 1 1 0

0 1 1 1 1 1 0
0 0 0 0 0 1 0
0 0 0 0 0 1 0
0 0 0 0 0 1 0
0 1 1 1 1 1 0		2 : 0x00,0xF1,0x91,0x91,0x91,0x9F,0x00
0 1 0 0 0 0 0
0 1 0 0 0 0 0
0 1 1 1 1 1 0


0 1 1 1 1 1 0
0 0 0 0 0 1 0
0 0 0 0 0 1 0
0 0 0 0 0 1 0		3 : 0x00,0x91,0x91,0x91,0x91,0xFF,0x00
0 1 1 1 1 1 0
0 0 0 0 0 1 0
0 0 0 0 0 1 0
0 1 1 1 1 1 0

0 1 0 0 1 0 0
0 1 0 0 1 0 0
0 1 0 0 1 0 0		4 : 0x00,0x1F,0x10,0x10,0xFF,0x10,0x00
0 1 0 0 1 0 0
0 1 1 1 1 1 0
0 0 0 0 1 0 0
0 0 0 0 1 0 0
0 0 0 0 1 0 0

0 1 1 1 1 1 0
0 1 0 0 0 0 0
0 1 0 0 0 0 0		5 : 0x00,0x9F,0x91,0x91,0x91,0xF1,0x00
0 1 0 0 0 0 0
0 1 1 1 1 1 0
0 0 0 0 0 1 0
0 0 0 0 0 1 0
0 1 1 1 1 1 0

0 1 1 1 1 1 0
0 1 0 0 0 0 0
0 1 0 0 0 0 0		6 : 0x00,0xFF,0x91,0x91,0x91,0xF1,0x00
0 1 0 0 0 0 0
0 1 1 1 1 1 0
0 1 0 0 0 1 0
0 1 0 0 0 1 0
0 1 1 1 1 1 0

0 1 1 1 1 1 0
0 0 0 0 0 1 0
0 0 0 0 0 1 0		7 : 0x00,0x41,0x21,0x11,0x09,0x07,0x00
0 0 0 0 1 0 0
0 0 0 1 0 0 0
0 0 1 0 0 0 0
0 1 0 0 0 0 0
0 0 0 0 0 0 0

0 1 1 1 1 1 0
0 1 0 0 0 1 0
0 1 0 0 0 1 0
0 1 0 0 0 1 0
0 1 1 1 1 1 0		8 : 0x00,0xFF,0x91,0x91,0x91,0xFF,0x00
0 1 0 0 0 1 0
0 1 0 0 0 1 0
0 1 1 1 1 1 0

0 1 1 1 1 1 0
0 1 0 0 0 1 0
0 1 0 0 0 1 0
0 1 0 0 0 1 0
0 1 1 1 1 1 0		9 : 0x00,0x9F,0x91,0x91,0x91,0xFF,0x00
0 0 0 0 0 1 0
0 0 0 0 0 1 0
0 1 1 1 1 1 0




